#         t          x          y          z         vx         vy         vz
      0.000     -98.560    -120.020    -127.790     -28.240     173.930      91.530
      0.010     -98.839    -118.276    -126.870     -27.539     174.777      92.438
      0.020     -99.111    -116.524    -125.941     -26.822     175.627      93.357
      0.030     -99.375    -114.764    -125.003     -26.089     176.481      94.287
      0.040     -99.632    -112.995    -124.055     -25.339     177.339      95.229
      0.050     -99.882    -111.217    -123.098     -24.573     178.201      96.182
      0.060    -100.124    -109.431    -122.132     -23.789     179.065      97.146
      0.070    -100.358    -107.636    -121.155     -22.987     179.934      98.123
      0.080    -100.583    -105.832    -120.169     -22.166     180.805      99.112
      0.090    -100.801    -104.020    -119.173     -21.327     181.680     100.113
      0.100    -101.010    -102.198    -118.167     -20.468     182.557     101.127
      0.110    -101.210    -100.368    -117.150     -19.589     183.438     102.154
      0.120    -101.402     -98.530    -116.124     -18.690     184.321     103.194
      0.130    -101.584     -96.682    -115.086     -17.769     185.206     104.247
      0.140    -101.757     -94.826    -114.039     -16.826     186.094     105.314
      0.150    -101.920     -92.960    -112.980     -15.860     186.985     106.395
      0.160    -102.074     -91.086    -111.911     -14.872     187.877     107.489
      0.170    -102.218     -89.203    -110.830     -13.859     188.770     108.598
      0.180    -102.351     -87.310    -109.739     -12.822     189.665     109.721
      0.190    -102.474     -85.409    -108.636     -11.759     190.562     110.859
      0.200    -102.586     -83.499    -107.521     -10.670     191.459     112.013
      0.210    -102.687     -81.580    -106.395      -9.554     192.356     113.181
      0.220    -102.777     -79.652    -105.258      -8.410     193.254     114.365
      0.230    -102.855     -77.715    -104.108      -7.237     194.151     115.564
      0.240    -102.922     -75.769    -102.946      -6.035     195.048     116.780
      0.250    -102.976     -73.814    -101.772      -4.802     195.944     118.011
      0.260    -103.017     -71.850    -100.586      -3.538     196.838     119.259
      0.270    -103.046     -69.877     -99.387      -2.241     197.730     120.524
      0.280    -103.062     -67.896     -98.175      -0.911     198.619     121.805
      0.290    -103.064     -65.905     -96.951       0.454     199.505     123.104
      0.300    -103.053     -63.906     -95.713       1.855     200.387     124.420
      0.310    -103.027     -61.897     -94.462       3.292     201.264     125.753
      0.320    -102.987     -59.880     -93.198       4.767     202.136     127.104
      0.330    -102.932     -57.855     -91.920       6.282     203.002     128.473
      0.340    -102.861     -55.820     -90.629       7.837     203.861     129.860
      0.350    -102.775     -53.777     -89.323       9.433     204.712     131.265
      0.360    -102.672     -51.726     -88.003      11.072     205.554     132.688
      0.370    -102.553     -49.666     -86.669      12.756     206.386     134.130
      0.380    -102.417     -47.598     -85.321      14.485     207.206     135.589
      0.390    -102.263     -45.522     -83.957      16.262     208.014     137.068
      0.400    -102.091     -43.438     -82.579      18.086     208.809     138.564
      0.410    -101.901     -41.346     -81.186      19.961     209.588     140.079
      0.420    -101.692     -39.247     -79.777      21.888     210.351     141.612
      0.430    -101.463     -37.139     -78.354      23.867     211.095     143.164
      0.440    -101.214     -35.025     -76.914      25.902     211.819     144.733
      0.450    -100.945     -32.903     -75.459      27.992     212.522     146.320
      0.460    -100.654     -30.774     -73.988      30.140     213.200     147.924
      0.470    -100.342     -28.639     -72.500      32.348     213.853     149.545
      0.480    -100.007     -26.497     -70.997      34.617     214.477     151.182
      0.490     -99.649     -24.350     -69.477      36.948     215.071     152.836
      0.500     -99.267     -22.196     -67.940      39.344     215.632     154.504
      0.510     -98.862     -20.037     -66.386      41.806     216.156     156.187
      0.520     -98.431     -17.873     -64.816      44.335     216.642     157.884
      0.530     -97.975     -15.705     -63.229      46.933     217.087     159.593
      0.540     -97.492     -13.532     -61.624      49.602     217.486     161.313
      0.550     -96.982     -11.355     -60.002      52.343     217.836     163.044
      0.560     -96.445      -9.175     -58.363      55.157     218.135     164.783
      0.570     -95.879      -6.993     -56.707      58.045     218.378     166.528
      0.580     -95.283      -4.808     -55.033      61.008     218.561     168.279
      0.590     -94.658      -2.622     -53.341      64.048     218.680     170.033
      0.600     -94.002      -0.435     -51.632      67.165     218.730     171.787
      0.610     -93.314       1.752     -49.905      70.359     218.708     173.539
      0.620     -92.595       3.939     -48.161      73.631     218.608     175.287
      0.630     -91.841       6.124     -46.400      76.981     218.425     177.027
      0.640     -91.055       8.307     -44.621      80.408     218.154     178.756
      0.650     -90.233      10.487     -42.825      83.912     217.791     180.471
      0.660     -89.376      12.662     -41.011      87.491     217.330     182.167
      0.670     -88.483      14.833     -39.181      91.144     216.765     183.840
      0.680     -87.553      16.997     -37.335      94.868     216.092     185.487
      0.690     -86.585      19.154     -35.472      98.662     215.304     187.101
      0.700     -85.579      21.303     -33.593     102.522     214.397     188.679
      0.710     -84.534      23.441     -31.698     106.444     213.366     190.215
      0.720     -83.450      25.569     -29.789     110.423     212.205     191.704
      0.730     -82.326      27.685     -27.865     114.455     210.909     193.139
      0.740     -81.161      29.787     -25.926     118.534     209.475     194.516
      0.750     -79.955      31.874     -23.975     122.653     207.899     195.827
      0.760     -78.707      33.944     -22.010     126.805     206.177     197.067
      0.770     -77.418      35.996     -20.034     130.982     204.306     198.229
      0.780     -76.088      38.029     -18.046     135.175     202.283     199.308
      0.790     -74.715      40.041     -16.048     139.375     200.109     200.298
      0.800     -73.300      42.031     -14.040     143.573     197.782     201.192
      0.810     -71.844      43.996     -12.025     147.757     195.302     201.985
      0.820     -70.345      45.936     -10.001     151.916     192.671     202.672
      0.830     -68.805      47.849      -7.972     156.040     189.891     203.248
      0.840     -67.225      49.733      -5.937     160.118     186.967     203.709
      0.850     -65.603      51.588      -3.898     164.137     183.901     204.051
      0.860     -63.942      53.411      -1.856     168.086     180.700     204.270
      0.870     -62.242      55.201       0.187     171.953     177.371     204.351
      0.880     -60.504      56.957       2.230     175.726     173.924     204.241
      0.890     -58.728      58.679       4.271     179.392     170.368     203.997
      0.900     -56.916      60.364       6.309     182.942     166.714     203.627
      0.910     -55.070      62.013       8.343     186.366     162.972     203.133
      0.920     -53.190      63.623      10.371     189.658     159.153     202.519
      0.930     -51.277      65.195      12.393     192.809     155.266     201.788
      0.940     -49.334      66.728      14.406     195.816     151.323     200.943
      0.950     -47.362      68.222      16.411     198.673     147.336     199.990
      0.960     -45.362      69.675      18.405     201.377     143.316     198.932
      0.970     -43.335      71.088      20.389     203.925     139.272     197.777
      0.980     -41.284      72.460      22.361     206.316     135.215     196.528
      0.990     -39.210      73.792      24.319     208.550     131.157     195.193
      1.000     -37.114      75.083      26.264     210.627     127.105     193.779
      1.010     -34.998      76.334      28.194     212.549     123.070     192.290
      1.020     -32.863      77.545      30.109     214.318     119.058     190.734
      1.030     -30.712      78.716      32.009     215.937     115.079     189.117
      1.040     -28.545      79.847      33.892     217.409     111.139     187.446
      1.050     -26.365      80.939      35.757     218.739     107.244     185.726
      1.060     -24.171      81.992      37.606     219.932     103.399     183.963
      1.070     -21.967      83.007      39.436     220.991      99.611     182.164
      1.080     -19.752      83.984      41.249     221.923      95.883     180.333
      1.090     -17.529      84.925      43.043     222.731      92.218     178.476
      1.100     -15.298      85.829      44.818     223.423      88.620     176.598
      1.110     -13.061      86.698      46.575     224.003      85.091     174.702
      1.120     -10.819      87.531      48.312     224.477      81.634     172.794
      1.130      -8.572      88.331      50.031     224.850      78.249     170.877
      1.140      -6.322      89.097      51.730     225.128      74.938     168.955
      1.150      -4.070      89.830      53.410     225.316      71.701     167.031
      1.160      -1.816      90.531      55.070     225.419      68.540     165.108
      1.170       0.438      91.201      56.712     225.443      65.453     163.189
      1.180       2.692      91.840      58.334     225.391      62.441     161.276
      1.190       4.946      92.450      59.938     225.269      59.503     159.371
      1.200       7.197      93.031      61.522     225.082      56.639     157.477
      1.210       9.447      93.583      63.087     224.833      53.848     155.596
      1.220      11.694      94.108      64.634     224.527      51.128     153.728
      1.230      13.937      94.606      66.162     224.167      48.479     151.876
      1.240      16.177      95.078      67.671     223.757      45.899     150.040
      1.250      18.412      95.524      69.163     223.301      43.386     148.221
      1.260      20.643      95.946      70.636     222.803      40.941     146.421
      1.270      22.868      96.344      72.091     222.264      38.560     144.640
      1.280      25.088      96.718      73.529     221.688      36.244     142.880
      1.290      27.302      97.069      74.949     221.079      33.989     141.139
      1.300      29.509      97.398      76.352     220.438      31.794     139.419
      1.310      31.710      97.705      77.737     219.768      29.659     137.721
      1.320      33.904      97.991      79.106     219.071      27.580     136.043
      1.330      36.092      98.257      80.458     218.349      25.558     134.388
      1.340      38.271      98.503      81.794     217.606      23.590     132.754
      1.350      40.444      98.729      83.114     216.841      21.674     131.142
      1.360      42.608      98.936      84.417     216.058      19.810     129.552
      1.370      44.765      99.125      85.705     215.257      17.996     127.984
      1.380      46.913      99.297      86.977     214.441      16.229     126.437
      1.390      49.053      99.450      88.234     213.611      14.510     124.913
      1.400      51.185      99.587      89.475     212.768      12.836     123.409
      1.410      53.309      99.707      90.702     211.913      11.206     121.927
      1.420      55.423      99.811      91.914     211.048       9.619     120.466
      1.430      57.530      99.900      93.111     210.174       8.073     119.026
      1.440      59.627      99.973      94.294     209.292       6.567     117.607
      1.450      61.715     100.031      95.464     208.402       5.101     116.208
      1.460      63.795     100.075      96.619     207.506       3.672     114.829
      1.470      65.865     100.105      97.760     206.604       2.280     113.470
      1.480      67.927     100.121      98.888     205.697       0.923     112.131
      1.490      69.979     100.124     100.003     204.787      -0.399     110.811
      1.500      72.023     100.113     101.105     203.873      -1.688     109.510
      1.510      74.057     100.090     102.193     202.956      -2.945     108.228
      1.520      76.082     100.054     103.269     202.037      -4.170     106.965
      1.530      78.098     100.007     104.333     201.116      -5.365     105.719
      1.540      80.104      99.947     105.384     200.194      -6.530     104.491
      1.550      82.101      99.876     106.423     199.271      -7.667     103.281
      1.560      84.089      99.794     107.449     198.348      -8.776     102.088
      1.570      86.068      99.701     108.464     197.425      -9.858     100.911
      1.580      88.038      99.597     109.468     196.503     -10.914      99.752
      1.590      89.998      99.483     110.459     195.581     -11.944      98.608
      1.600      91.950      99.358     111.440     194.661     -12.950      97.481
      1.610      93.892      99.224     112.409     193.742     -13.932      96.369
      1.620      95.824      99.080     113.367     192.825     -14.891      95.273
      1.630      97.748      98.926     114.315     191.909     -15.827      94.192
      1.640      99.663      98.763     115.251     190.996     -16.742      93.125
      1.650     101.568      98.591     116.177     190.085     -17.635      92.074
      1.660     103.464      98.411     117.093     189.176     -18.508      91.036
      1.670     105.352      98.221     117.998     188.271     -19.361      90.012
      1.680     107.230      98.024     118.893     187.368     -20.194      89.002
      1.690     109.099      97.817     119.778     186.468     -21.009      88.006
      1.700     110.959      97.603     120.653     185.572     -21.805      87.023
      1.710     112.810      97.381     121.519     184.679     -22.583      86.053
      1.720     114.653      97.152     122.374     183.789     -23.344      85.095
      1.730     116.486      96.915     123.221     182.903     -24.088      84.150
      1.740     118.311      96.670     124.057     182.020     -24.816      83.217
      1.750     120.127      96.418     124.885     181.142     -25.527      82.296
      1.760     121.934      96.160     125.703     180.266     -26.224      81.387
      1.770     123.732      95.894     126.513     179.395     -26.905      80.489
      1.780     125.522      95.622     127.313     178.528     -27.571      79.603
      1.790     127.303      95.343     128.105     177.665     -28.223      78.728
      1.800     129.075      95.057     128.888     176.805     -28.861      77.863
      1.810     130.839      94.766     129.662     175.950     -29.486      77.010
      1.820     132.594      94.468     130.428     175.099     -30.097      76.167
      1.830     134.341      94.164     131.186     174.252     -30.696      75.334
      1.840     136.079      93.854     131.935     173.409     -31.282      74.511
      1.850     137.809      93.538     132.676     172.570     -31.856      73.698
      1.860     139.530      93.217     133.409     171.736     -32.418      72.895
      1.870     141.244      92.890     134.134     170.906     -32.968      72.101
      1.880     142.949      92.557     134.851     170.080     -33.507      71.316
      1.890     144.645      92.220     135.560     169.258     -34.035      70.541
      1.900     146.334      91.877     136.262     168.440     -34.552      69.775
      1.910     148.014      91.529     136.956     167.627     -35.059      69.018
      1.920     149.686      91.176     137.642     166.818     -35.556      68.269
      1.930     151.351      90.818     138.321     166.013     -36.042      67.529
      1.940     153.007      90.455     138.993     165.212     -36.519      66.797
      1.950     154.655      90.087     139.657     164.416     -36.986      66.073
      1.960     156.295      89.715     140.314     163.624     -37.444      65.358
      1.970     157.927      89.338     140.964     162.836     -37.894      64.650
      1.980     159.552      88.957     141.607     162.052     -38.334      63.951
      1.990     161.168      88.572     142.243     161.272     -38.765      63.258
      2.000     162.777      88.182     142.873     160.496     -39.189      62.574
      2.010     164.378      87.788     143.495     159.725     -39.604      61.896
      2.020     165.972      87.390     144.111     158.958     -40.010      61.226
      2.030     167.557      86.988     144.720     158.194     -40.409      60.563
      2.040     169.136      86.582     145.322     157.435     -40.801      59.907
      2.050     170.706      86.172     145.918     156.680     -41.185      59.258
      2.060     172.269      85.758     146.507     155.929     -41.561      58.616
      2.070     173.825      85.341     147.090     155.181     -41.931      57.980
      2.080     175.373      84.920     147.667     154.438     -42.293      57.351
      2.090     176.914      84.495     148.237     153.699     -42.649      56.729
      2.100     178.447      84.067     148.801     152.964     -42.997      56.112
      2.110     179.973      83.635     149.359     152.232     -43.340      55.502
      2.120     181.492      83.200     149.911     151.505     -43.675      54.898
      2.130     183.003      82.762     150.457     150.781     -44.005      54.300
      2.140     184.507      82.320     150.997     150.061     -44.328      53.707
      2.150     186.004      81.875     151.532     149.345     -44.646      53.121
      2.160     187.494      81.427     152.060     148.632     -44.957      52.540
      2.170     188.977      80.976     152.582     147.923     -45.263      51.965
      2.180     190.453      80.522     153.099     147.218     -45.563      51.396
      2.190     191.921      80.065     153.610     146.517     -45.858      50.832
      2.200     193.383      79.605     154.116     145.819     -46.147      50.273
      2.210     194.838      79.142     154.616     145.125     -46.431      49.719
      2.220     196.285      78.676     155.110     144.434     -46.710      49.171
      2.230     197.726      78.208     155.599     143.747     -46.983      48.628
      2.240     199.160      77.736     156.083     143.063     -47.252      48.089
      2.250     200.588      77.263     156.561     142.383     -47.515      47.556
      2.260     202.008      76.786     157.034     141.707     -47.774      47.027
      2.270     203.422      76.307     157.502     141.033     -48.029      46.504
      2.280     204.829      75.826     157.964     140.363     -48.278      45.985
      2.290     206.229      75.342     158.421     139.697     -48.523      45.470
      2.300     207.623      74.855     158.874     139.034     -48.764      44.961
      2.310     209.010      74.366     159.321     138.374     -49.000      44.455
      2.320     210.390      73.875     159.763     137.717     -49.232      43.955
      2.330     211.764      73.382     160.200     137.064     -49.460      43.458
      2.340     213.131      72.886     160.632     136.414     -49.684      42.966
      2.350     214.492      72.388     161.059     135.767     -49.904      42.478
      2.360     215.847      71.888     161.481     135.123     -50.120      41.994
      2.370     217.195      71.386     161.899     134.482     -50.332      41.514
      2.380     218.536      70.881     162.312     133.844     -50.540      41.039
      2.390     219.872      70.375     162.720     133.210     -50.745      40.567
      2.400     221.201      69.866     163.123     132.578     -50.945      40.099
      2.410     222.523      69.356     163.522     131.950     -51.143      39.636
      2.420     223.840      68.844     163.916     131.324     -51.336      39.176
      2.430     225.150      68.329     164.305     130.701     -51.526      38.719
      2.440     226.454      67.813     164.690     130.082     -51.713      38.267
      2.450     227.751      67.295     165.071     129.465     -51.897      37.818
      2.460     229.043      66.775     165.447     128.851     -52.077      37.373
      2.470     230.329      66.254     165.818     128.240     -52.254      36.931
      2.480     231.608      65.730     166.185     127.632     -52.428      36.493
      2.490     232.881      65.205     166.548     127.026     -52.598      36.058
      2.500     234.148      64.678     166.906     126.424     -52.766      35.627
      2.510     235.410      64.150     167.261     125.824     -52.931      35.199
      2.520     236.665      63.620     167.610     125.226     -53.092      34.774
      2.530     237.914      63.088     167.956     124.632     -53.251      34.352
      2.540     239.158      62.555     168.297     124.040     -53.407      33.934
      2.550     240.395      62.020     168.635     123.451     -53.560      33.519
      2.560     241.627      61.483     168.968     122.864     -53.710      33.107
      2.570     242.852      60.946     169.297     122.280     -53.858      32.699
      2.580     244.072      60.406     169.622     121.698     -54.003      32.293
      2.590     245.286      59.865     169.943     121.119     -54.145      31.890
      2.600     246.495      59.323     170.260     120.543     -54.285      31.491
      2.610     247.697      58.780     170.573     119.969     -54.422      31.094
      2.620     248.894      58.235     170.882     119.397     -54.557      30.700
      2.630     250.085      57.689     171.187     118.828     -54.689      30.309
      2.640     251.271      57.141     171.488     118.262     -54.819      29.921
      2.650     252.450      56.592     171.785     117.697     -54.946      29.535
      2.660     253.624      56.042     172.078     117.135     -55.071      29.153
      2.670     254.793      55.491     172.368     116.576     -55.194      28.773
      2.680     255.956      54.938     172.654     116.019     -55.314      28.395
      2.690     257.113      54.385     172.936     115.464     -55.433      28.021
      2.700     258.265      53.830     173.214     114.911     -55.549      27.649
      2.710     259.412      53.274     173.489     114.361     -55.662      27.279
      2.720     260.553      52.716     173.760     113.813     -55.774      26.912
      2.730     261.688      52.158     174.027     113.267     -55.884      26.548
      2.740     262.818      51.599     174.291     112.723     -55.991      26.186
      2.750     263.942      51.038     174.551     112.181     -56.097      25.827
      2.760     265.062      50.477     174.807     111.642     -56.200      25.470
      2.770     266.175      49.914     175.060     111.105     -56.302      25.115
      2.780     267.284      49.351     175.310     110.570     -56.401      24.763
      2.790     268.387      48.786     175.556     110.037     -56.499      24.413
      2.800     269.484      48.221     175.798     109.506     -56.595      24.065
      2.810     270.577      47.654     176.037     108.977     -56.689      23.720
      2.820     271.664      47.087     176.272     108.450     -56.781      23.377
      2.830     272.746      46.519     176.505     107.925     -56.871      23.036
      2.840     273.822      45.950     176.733     107.402     -56.960      22.698
      2.850     274.894      45.380     176.959     106.882     -57.046      22.361
      2.860     275.960      44.809     177.180     106.363     -57.131      22.027
      2.870     277.021      44.237     177.399     105.846     -57.214      21.695
      2.880     278.077      43.665     177.614     105.331     -57.296      21.365
      2.890     279.128      43.091     177.826     104.818     -57.376      21.037
      2.900     280.173      42.517     178.035     104.307     -57.454      20.711
      2.910     281.214      41.942     178.241     103.797     -57.531      20.387
      2.920     282.249      41.366     178.443     103.290     -57.606      20.065
      2.930     283.280      40.790     178.642     102.784     -57.679      19.745
      2.940     284.305      40.213     178.838     102.281     -57.751      19.427
      2.950     285.325      39.635     179.030     101.779     -57.821      19.111
      2.960     286.341      39.056     179.220     101.278     -57.890      18.797
      2.970     287.351      38.477     179.406     100.780     -57.958      18.485
      2.980     288.356      37.897     179.590     100.283     -58.024      18.174
      2.990     289.357      37.317     179.770      99.788     -58.088      17.866
      3.000     290.352      36.736     179.947      99.295     -58.151      17.559
      3.010     291.342      36.154     180.121      98.804     -58.213      17.254
      3.020     292.328      35.571     180.292      98.314     -58.273      16.951
      3.030     293.309      34.988     180.460      97.826     -58.332      16.650
      3.040     294.285      34.405     180.625      97.340     -58.389      16.350
      3.050     295.256      33.820     180.787      96.855     -58.445      16.052
      3.060     296.222      33.236     180.946      96.372     -58.500      15.756
      3.070     297.183      32.650     181.102      95.890     -58.553      15.462
      3.080     298.140      32.065     181.255      95.410     -58.605      15.169
      3.090     299.091      31.478     181.406      94.932     -58.656      14.878
      3.100     300.038      30.892     181.553      94.455     -58.706      14.589
      3.110     300.980      30.304     181.697      93.980     -58.754      14.301
      3.120     301.918      29.716     181.839      93.506     -58.802      14.015
      3.130     302.850      29.128     181.978      93.034     -58.847      13.730
      3.140     303.778      28.540     182.114      92.564     -58.892      13.447
      3.150     304.702      27.950     182.247      92.095     -58.936      13.166
      3.160     305.620      27.361     182.377      91.627     -58.978      12.886
      3.170     306.534      26.771     182.504      91.161     -59.019      12.607
      3.180     307.444      26.180     182.629      90.696     -59.059      12.330
      3.190     308.348      25.590     182.751      90.233     -59.098      12.055
      3.200     309.248      24.998     182.870      89.771     -59.136      11.781
      3.210     310.144      24.407     182.987      89.311     -59.173      11.509
      3.220     311.034      23.815     183.100      88.852     -59.209      11.238
      3.230     311.921      23.223     183.211      88.395     -59.243      10.968
      3.240     312.802      22.630     183.320      87.939     -59.277      10.700
      3.250     313.680      22.037     183.425      87.484     -59.309      10.433
      3.260     314.552      21.444     183.528      87.031     -59.340      10.168
      3.270     315.420      20.850     183.629      86.579     -59.371       9.904
      3.280     316.284      20.257     183.726      86.128     -59.400       9.641
      3.290     317.143      19.662     183.822      85.679     -59.428       9.380
      3.300     317.997      19.068     183.914      85.231     -59.456       9.120
      3.310     318.847      18.473     184.004      84.784     -59.482       8.861
      3.320     319.693      17.878     184.091      84.338     -59.507       8.604
      3.330     320.534      17.283     184.176      83.894     -59.532       8.348
      3.340     321.371      16.688     184.258      83.451     -59.555       8.093
      3.350     322.203      16.092     184.338      83.010     -59.578       7.840
      3.360     323.031      15.496     184.415      82.570     -59.599       7.588
      3.370     323.855      14.900     184.490      82.130     -59.620       7.337
      3.380     324.674      14.304     184.562      81.693     -59.640       7.087
      3.390     325.488      13.707     184.631      81.256     -59.658       6.839
      3.400     326.299      13.111     184.699      80.820     -59.676       6.592
      3.410     327.105      12.514     184.763      80.386     -59.693       6.346
      3.420     327.906      11.917     184.826      79.953     -59.709       6.101
      3.430     328.704      11.320     184.885      79.521     -59.725       5.857
      3.440     329.497      10.722     184.943      79.091     -59.739       5.614
      3.450     330.286      10.125     184.998      78.661     -59.753       5.373
      3.460     331.070       9.527     185.050      78.233     -59.765       5.133
      3.470     331.850       8.930     185.100      77.805     -59.777       4.894
      3.480     332.626       8.332     185.148      77.379     -59.788       4.656
      3.490     333.398       7.734     185.193      76.954     -59.799       4.419
      3.500     334.165       7.136     185.236      76.530     -59.808       4.183
      3.510     334.929       6.538     185.277      76.107     -59.817       3.949
      3.520     335.687       5.939     185.315      75.686     -59.825       3.715
      3.530     336.442       5.341     185.351      75.265     -59.832       3.483
      3.540     337.193       4.743     185.385      74.845     -59.838       3.251
      3.550     337.939       4.144     185.416      74.427     -59.843       3.021
      3.560     338.681       3.546     185.446      74.009     -59.848       2.792
      3.570     339.419       2.947     185.472      73.593     -59.852       2.563
      3.580     340.153       2.349     185.497      73.177     -59.855       2.336
      3.590     340.883       1.750     185.519      72.763     -59.858       2.110
      3.600     341.608       1.152     185.539      72.350     -59.860       1.885
      3.610     342.330       0.553     185.557      71.937     -59.861       1.661
      3.620     343.047      -0.045     185.572      71.526     -59.861       1.437
      3.630     343.760      -0.644     185.585      71.115     -59.861       1.215
      3.640     344.470      -1.243     185.597      70.706     -59.859       0.994
      3.650     345.175      -1.841     185.605      70.297     -59.858       0.774
      3.660     345.875      -2.440     185.612      69.890     -59.855       0.554
      3.670     346.572      -3.038     185.616      69.483     -59.852       0.336
      3.680     347.265      -3.637     185.619      69.078     -59.848       0.118
      3.690     347.954      -4.235     185.619      68.673     -59.843      -0.098
      3.700     348.639      -4.834     185.617      68.270     -59.838      -0.314
      3.710     349.319      -5.432     185.613      67.867     -59.832      -0.528
      3.720     349.996      -6.030     185.606      67.465     -59.826      -0.742
      3.730     350.669      -6.629     185.598      67.064     -59.818      -0.955
      3.740     351.337      -7.227     185.587      66.664     -59.811      -1.167
      3.750     352.002      -7.825     185.574      66.265     -59.802      -1.378
      3.760     352.663      -8.423     185.560      65.866     -59.793      -1.588
      3.770     353.319      -9.021     185.543      65.469     -59.783      -1.797
      3.780     353.972      -9.618     185.524      65.072     -59.773      -2.006
      3.790     354.621     -10.216     185.503      64.677     -59.761      -2.214
      3.800     355.265     -10.814     185.479      64.282     -59.750      -2.420
      3.810     355.906     -11.411     185.454      63.888     -59.737      -2.626
      3.820     356.543     -12.008     185.427      63.495     -59.725      -2.831
      3.830     357.176     -12.606     185.397      63.102     -59.711      -3.035
      3.840     357.805     -13.203     185.366      62.711     -59.697      -3.239
      3.850     358.430     -13.800     185.333      62.320     -59.682      -3.442
      3.860     359.052     -14.396     185.297      61.930     -59.667      -3.643
      3.870     359.669     -14.993     185.260      61.541     -59.651      -3.844
      3.880     360.282     -15.589     185.220      61.153     -59.634      -4.045
      3.890     360.892     -16.186     185.179      60.766     -59.617      -4.244
      3.900     361.498     -16.782     185.136      60.379     -59.600      -4.443
      3.910     362.100     -17.378     185.090      59.993     -59.581      -4.640
      3.920     362.698     -17.973     185.043      59.608     -59.563      -4.837
      3.930     363.292     -18.569     184.993      59.223     -59.543      -5.034
      3.940     363.882     -19.164     184.942      58.840     -59.523      -5.229
      3.950     364.469     -19.759     184.889      58.457     -59.503      -5.424
      3.960     365.051     -20.354     184.834      58.075     -59.482      -5.618
      3.970     365.630     -20.949     184.776      57.693     -59.460      -5.812
      3.980     366.205     -21.543     184.717      57.313     -59.438      -6.004
      3.990     366.776     -22.138     184.656      56.933     -59.416      -6.196
      4.000     367.344     -22.732     184.593      56.553     -59.392      -6.387
      4.010     367.907     -23.325     184.529      56.175     -59.369      -6.578
      4.020     368.467     -23.919     184.462      55.797     -59.345      -6.767
      4.030     369.023     -24.512     184.393      55.420     -59.320      -6.956
      4.040     369.576     -25.105     184.323      55.043     -59.294      -7.145
      4.050     370.124     -25.698     184.250      54.668     -59.269      -7.332
      4.060     370.669     -26.291     184.176      54.293     -59.242      -7.519
      4.070     371.210     -26.883     184.100      53.918     -59.216      -7.705
      4.080     371.747     -27.475     184.022      53.545     -59.188      -7.891
      4.090     372.281     -28.067     183.942      53.172     -59.160      -8.076
      4.100     372.811     -28.658     183.861      52.799     -59.132      -8.260
      4.110     373.337     -29.250     183.777      52.427     -59.103      -8.443
      4.120     373.859     -29.840     183.692      52.056     -59.074      -8.626
      4.130     374.378     -30.431     183.604      51.686     -59.044      -8.808
      4.140     374.893     -31.021     183.515      51.316     -59.014      -8.990
      4.150     375.404     -31.611     183.425      50.947     -58.983      -9.171
      4.160     375.912     -32.201     183.332      50.578     -58.951      -9.351
      4.170     376.416     -32.790     183.238      50.210     -58.920      -9.531
      4.180     376.916     -33.379     183.141      49.843     -58.887      -9.710
      4.190     377.413     -33.968     183.043      49.476     -58.855      -9.888
      4.200     377.906     -34.556     182.944      49.110     -58.821     -10.066
      4.210     378.395     -35.144     182.842      48.744     -58.788     -10.243
      4.220     378.881     -35.732     182.739      48.379     -58.754     -10.420
      4.230     379.363     -36.320     182.634      48.015     -58.719     -10.596
      4.240     379.841     -36.907     182.527      47.651     -58.684     -10.771
      4.250     380.316     -37.493     182.418      47.288     -58.648     -10.946
      4.260     380.787     -38.079     182.308      46.925     -58.612     -11.120
      4.270     381.254     -38.665     182.196      46.563     -58.576     -11.293
      4.280     381.718     -39.251     182.082      46.202     -58.539     -11.466
      4.290     382.178     -39.836     181.967      45.841     -58.502     -11.639
      4.300     382.635     -40.421     181.849      45.480     -58.464     -11.811
      4.310     383.088     -41.005     181.730      45.120     -58.425     -11.982
      4.320     383.537     -41.590     181.610      44.761     -58.387     -12.153
      4.330     383.983     -42.173     181.487      44.402     -58.348     -12.323
      4.340     384.425     -42.756     181.363      44.044     -58.308     -12.492
      4.350     384.864     -43.339     181.238      43.686     -58.268     -12.661
      4.360     385.299     -43.922     181.110      43.329     -58.227     -12.830
      4.370     385.731     -44.504     180.981      42.972     -58.187     -12.997
      4.380     386.158     -45.086     180.850      42.616     -58.145     -13.165
      4.390     386.583     -45.667     180.718      42.260     -58.103     -13.332
      4.400     387.004     -46.248     180.583      41.905     -58.061     -13.498
      4.410     387.421     -46.828     180.448      41.550     -58.019     -13.664
      4.420     387.835     -47.408     180.310      41.196     -57.976     -13.829
      4.430     388.245     -47.988     180.171      40.842     -57.932     -13.993
      4.440     388.652     -48.567     180.030      40.489     -57.888     -14.157
      4.450     389.055     -49.145     179.888      40.136     -57.844     -14.321
      4.460     389.454     -49.724     179.744      39.784     -57.799     -14.484
      4.470     389.850     -50.301     179.598      39.432     -57.754     -14.647
      4.480     390.243     -50.879     179.451      39.080     -57.708     -14.809
      4.490     390.632     -51.455     179.302      38.729     -57.662     -14.970
      4.500     391.017     -52.032     179.152      38.379     -57.616     -15.131
      4.510     391.400     -52.608     178.999      38.029     -57.569     -15.292
      4.520     391.778     -53.183     178.846      37.679     -57.522     -15.452
      4.530     392.153     -53.758     178.690      37.330     -57.474     -15.612
      4.540     392.525     -54.333     178.534      36.981     -57.426     -15.771
      4.550     392.893     -54.907     178.375      36.633     -57.378     -15.929
      4.560     393.257     -55.480     178.215      36.285     -57.329     -16.088
      4.570     393.618     -56.053     178.053      35.938     -57.280     -16.245
      4.580     393.976     -56.626     177.890      35.591     -57.230     -16.402
      4.590     394.330     -57.198     177.725      35.244     -57.180     -16.559
      4.600     394.681     -57.769     177.559      34.898     -57.130     -16.715
      4.610     395.028     -58.340     177.391      34.552     -57.079     -16.871
      4.620     395.372     -58.911     177.221      34.206     -57.027     -17.026
      4.630     395.712     -59.481     177.050      33.861     -56.976     -17.181
      4.640     396.049     -60.051     176.878      33.517     -56.924     -17.335
      4.650     396.383     -60.620     176.704      33.173     -56.871     -17.489
      4.660     396.713     -61.188     176.528      32.829     -56.819     -17.643
      4.670     397.039     -61.756     176.351      32.485     -56.765     -17.796
      4.680     397.362     -62.323     176.172      32.142     -56.712     -17.948
      4.690     397.682     -62.890     175.992      31.799     -56.658     -18.101
      4.700     397.998     -63.456     175.810      31.457     -56.603     -18.252
      4.710     398.311     -64.022     175.627      31.115     -56.549     -18.404
      4.720     398.621     -64.587     175.442      30.773     -56.494     -18.554
      4.730     398.927     -65.152     175.256      30.432     -56.438     -18.705
      4.740     399.229     -65.716     175.068      30.091     -56.382     -18.855
      4.750     399.529     -66.280     174.879      29.751     -56.326     -19.004
      4.760     399.824     -66.843     174.688      29.410     -56.269     -19.153
      4.770     400.117     -67.405     174.496      29.070     -56.212     -19.302
      4.780     400.406     -67.967     174.302      28.731     -56.155     -19.450
      4.790     400.691     -68.528     174.107      28.392     -56.097     -19.598
      4.800     400.974     -69.089     173.910      28.053     -56.039     -19.746
      4.810     401.252     -69.649     173.712      27.714     -55.980     -19.893
      4.820     401.528     -70.208     173.512      27.376     -55.921     -20.039
      4.830     401.800     -70.767     173.311      27.038     -55.862     -20.185
      4.840     402.069     -71.326     173.108      26.700     -55.802     -20.331
      4.850     402.334     -71.883     172.904      26.363     -55.742     -20.477
      4.860     402.596     -72.441     172.699      26.026     -55.682     -20.622
      4.870     402.854     -72.997     172.492      25.689     -55.621     -20.766
      4.880     403.110     -73.553     172.283      25.353     -55.560     -20.910
      4.890     403.362     -74.108     172.074      25.017     -55.498     -21.054
      4.900     403.610     -74.663     171.862      24.681     -55.436     -21.198
      4.910     403.855     -75.217     171.650      24.345     -55.374     -21.341
      4.920     404.097     -75.770     171.436      24.010     -55.311     -21.483
      4.930     404.335     -76.323     171.220      23.675     -55.248     -21.626
      4.940     404.570     -76.875     171.003      23.340     -55.185     -21.768
      4.950     404.802     -77.427     170.785      23.006     -55.121     -21.909
      4.960     405.031     -77.978     170.565      22.672     -55.057     -22.050
      4.970     405.256     -78.528     170.344      22.338     -54.993     -22.191
      4.980     405.477     -79.078     170.121      22.004     -54.928     -22.331
      4.990     405.696     -79.627     169.897      21.671     -54.863     -22.471
      5.000     405.911     -80.175     169.672      21.338     -54.797     -22.611
      5.010     406.122     -80.723     169.445      21.005     -54.731     -22.750
      5.020     406.331     -81.269     169.217      20.672     -54.665     -22.889
      5.030     406.536     -81.816     168.987      20.340     -54.598     -23.028
      5.040     406.738     -82.361     168.756      20.008     -54.531     -23.166
      5.050     406.936     -82.906     168.524      19.676     -54.464     -23.304
      5.060     407.131     -83.451     168.290      19.344     -54.396     -23.442
      5.070     407.323     -83.994     168.055      19.013     -54.328     -23.579
      5.080     407.511     -84.537     167.818      18.682     -54.259     -23.716
      5.090     407.697     -85.080     167.581      18.351     -54.190     -23.852
      5.100     407.878     -85.621     167.341      18.020     -54.121     -23.988
      5.110     408.057     -86.162     167.101      17.689     -54.051     -24.124
      5.120     408.232     -86.702     166.859      17.359     -53.981     -24.259
      5.130     408.404     -87.242     166.616      17.029     -53.911     -24.394
      5.140     408.573     -87.780     166.371      16.699     -53.840     -24.529
      5.150     408.738     -88.318     166.125      16.369     -53.769     -24.664
      5.160     408.900     -88.856     165.878      16.040     -53.698     -24.798
      5.170     409.059     -89.392     165.629      15.710     -53.626     -24.931
      5.180     409.214     -89.928     165.379      15.381     -53.554     -25.065
      5.190     409.367     -90.463     165.128      15.052     -53.482     -25.198
      5.200     409.515     -90.998     164.875      14.724     -53.409     -25.331
      5.210     409.661     -91.532     164.621      14.395     -53.336     -25.463
      5.220     409.803     -92.065     164.366      14.067     -53.262     -25.595
      5.230     409.942     -92.597     164.109      13.739     -53.188     -25.727
      5.240     410.078     -93.128     163.851      13.411     -53.114     -25.859
      5.250     410.211     -93.659     163.592      13.083     -53.039     -25.990
      5.260     410.340     -94.189     163.332      12.755     -52.964     -26.121
      5.270     410.466     -94.718     163.070      12.427     -52.889     -26.251
      5.280     410.588     -95.247     162.807      12.100     -52.813     -26.381
      5.290     410.708     -95.775     162.542      11.773     -52.737     -26.511
      5.300     410.824     -96.302     162.276      11.446     -52.660     -26.641
      5.310     410.937     -96.828     162.009      11.119     -52.584     -26.770
      5.320     411.046     -97.353     161.741      10.792     -52.506     -26.899
      5.330     411.152     -97.878     161.471      10.466     -52.429     -27.028
      5.340     411.255     -98.402     161.200      10.139     -52.351     -27.156
      5.350     411.355     -98.925     160.928       9.813     -52.273     -27.284
      5.360     411.452     -99.447     160.655       9.487     -52.194     -27.412
      5.370     411.545     -99.969     160.380       9.161     -52.115     -27.540
      5.380     411.635    -100.490     160.104       8.835     -52.036     -27.667
      5.390     411.722    -101.010     159.827       8.509     -51.956     -27.794
      5.400     411.805    -101.529     159.548       8.183     -51.876     -27.920
      5.410     411.885    -102.047     159.268       7.858     -51.795     -28.047
      5.420     411.962    -102.565     158.987       7.532     -51.715     -28.173
      5.430     412.036    -103.081     158.705       7.207     -51.633     -28.298
      5.440     412.106    -103.597     158.421       6.882     -51.552     -28.424
      5.450     412.174    -104.112     158.136       6.556     -51.470     -28.549
      5.460     412.238    -104.627     157.850       6.231     -51.388     -28.674
      5.470     412.298    -105.140     157.563       5.907     -51.305     -28.798
      5.480     412.356    -105.653     157.274       5.582     -51.222     -28.923
      5.490     412.410    -106.165     156.984       5.257     -51.138     -29.047
      5.500     412.461    -106.676     156.693       4.932     -51.055     -29.170
      5.510     412.509    -107.186     156.401       4.608     -50.971     -29.294
      5.520     412.553    -107.695     156.107       4.283     -50.886     -29.417
      5.530     412.594    -108.203     155.813       3.959     -50.801     -29.540
      5.540     412.632    -108.711     155.517       3.635     -50.716     -29.662
      5.550     412.667    -109.218     155.219       3.310     -50.630     -29.785
      5.560     412.698    -109.724     154.921       2.986     -50.544     -29.907
      5.570     412.727    -110.229     154.621       2.662     -50.458     -30.029
      5.580     412.752    -110.733     154.320       2.338     -50.371     -30.150
      5.590     412.773    -111.236     154.018       2.014     -50.284     -30.272
      5.600     412.792    -111.738     153.715       1.690     -50.197     -30.393
      5.610     412.807    -112.240     153.410       1.367     -50.109     -30.513
      5.620     412.819    -112.741     153.105       1.043     -50.021     -30.634
      5.630     412.828    -113.240     152.798       0.719     -49.932     -30.754
      5.640     412.834    -113.739     152.490       0.395     -49.843     -30.874
      5.650     412.836    -114.237     152.180       0.072     -49.754     -30.994
      5.660     412.835    -114.734     151.870      -0.252     -49.664     -31.113
      5.670     412.831    -115.231     151.558      -0.575     -49.574     -31.232
      5.680     412.824    -115.726     151.245      -0.899     -49.483     -31.351
      5.690     412.813    -116.220     150.931      -1.222     -49.392     -31.470
      5.700     412.799    -116.714     150.616      -1.546     -49.301     -31.588
      5.710     412.782    -117.206     150.299      -1.869     -49.210     -31.706
      5.720     412.762    -117.698     149.981      -2.193     -49.118     -31.824
      5.730     412.738    -118.189     149.663      -2.516     -49.025     -31.942
      5.740     412.711    -118.678     149.343      -2.839     -48.932     -32.059
      5.750     412.681    -119.167     149.021      -3.163     -48.839     -32.177
      5.760     412.648    -119.655     148.699      -3.486     -48.746     -32.294
      5.770     412.612    -120.142     148.376      -3.809     -48.652     -32.410
      5.780     412.572    -120.628     148.051      -4.133     -48.557     -32.527
      5.790     412.529    -121.113     147.725      -4.456     -48.463     -32.643
      5.800     412.483    -121.597     147.398      -4.779     -48.368     -32.759
      5.810     412.433    -122.081     147.070      -5.103     -48.272     -32.874
      5.820     412.381    -122.563     146.741      -5.426     -48.176     -32.990
      5.830     412.325    -123.044     146.410      -5.749     -48.080     -33.105
      5.840     412.266    -123.524     146.078      -6.073     -47.983     -33.220
      5.850     412.203    -124.004     145.746      -6.396     -47.886     -33.335
      5.860     412.138    -124.482     145.412      -6.719     -47.789     -33.449
      5.870     412.069    -124.960     145.077      -7.043     -47.691     -33.564
      5.880     411.997    -125.436     144.741      -7.366     -47.592     -33.678
      5.890     411.922    -125.911     144.403      -7.690     -47.494     -33.791
      5.900     411.843    -126.386     144.065      -8.013     -47.395     -33.905
      5.910     411.761    -126.859     143.725      -8.337     -47.295     -34.018
      5.920     411.676    -127.332     143.384      -8.660     -47.195     -34.131
      5.930     411.588    -127.803     143.042      -8.984     -47.095     -34.244
      5.940     411.497    -128.274     142.699      -9.307     -46.994     -34.357
      5.950     411.402    -128.743     142.355      -9.631     -46.893     -34.469
      5.960     411.304    -129.211     142.010      -9.955     -46.792     -34.582
      5.970     411.203    -129.679     141.664     -10.278     -46.690     -34.693
      5.980     411.099    -130.145     141.316     -10.602     -46.588     -34.805
      5.990     410.991    -130.611     140.968     -10.926     -46.485     -34.917
      6.000     410.880    -131.075     140.618     -11.250     -46.382     -35.028
      6.010     410.766    -131.538     140.267     -11.574     -46.278     -35.139
      6.020     410.649    -132.001     139.915     -11.898     -46.174     -35.250
      6.030     410.528    -132.462     139.562     -12.222     -46.070     -35.360
      6.040     410.404    -132.922     139.208     -12.547     -45.965     -35.471
      6.050     410.277    -133.381     138.853     -12.871     -45.860     -35.581
      6.060     410.147    -133.839     138.496     -13.195     -45.754     -35.691
      6.070     410.013    -134.296     138.139     -13.520     -45.648     -35.801
      6.080     409.876    -134.752     137.780     -13.844     -45.541     -35.910
      6.090     409.736    -135.207     137.421     -14.169     -45.435     -36.019
      6.100     409.593    -135.661     137.060     -14.494     -45.327     -36.129
      6.110     409.446    -136.114     136.698     -14.818     -45.219     -36.237
      6.120     409.297    -136.565     136.335     -15.143     -45.111     -36.346
      6.130     409.144    -137.016     135.971     -15.468     -45.003     -36.454
      6.140     408.987    -137.465     135.606     -15.794     -44.893     -36.563
      6.150     408.828    -137.914     135.240     -16.119     -44.784     -36.671
      6.160     408.665    -138.361     134.873     -16.444     -44.674     -36.778
      6.170     408.499    -138.807     134.504     -16.770     -44.564     -36.886
      6.180     408.329    -139.252     134.135     -17.095     -44.453     -36.993
      6.190     408.157    -139.696     133.764     -17.421     -44.341     -37.101
      6.200     407.981    -140.139     133.393     -17.747     -44.230     -37.208
      6.210     407.802    -140.581     133.020     -18.073     -44.118     -37.314
      6.220     407.620    -141.021     132.647     -18.399     -44.005     -37.421
      6.230     407.434    -141.461     132.272     -18.725     -43.892     -37.527
      6.240     407.245    -141.899     131.896     -19.051     -43.778     -37.633
      6.250     407.053    -142.336     131.519     -19.378     -43.664     -37.739
      6.260     406.858    -142.772     131.141     -19.704     -43.550     -37.845
      6.270     406.659    -143.207     130.762     -20.031     -43.435     -37.950
      6.280     406.457    -143.641     130.382     -20.358     -43.320     -38.056
      6.290     406.252    -144.074     130.001     -20.685     -43.204     -38.161
      6.300     406.043    -144.505     129.619     -21.012     -43.088     -38.266
      6.310     405.831    -144.936     129.236     -21.340     -42.971     -38.370
      6.320     405.616    -145.365     128.852     -21.667     -42.854     -38.475
      6.330     405.398    -145.793     128.466     -21.995     -42.736     -38.579
      6.340     405.177    -146.219     128.080     -22.323     -42.618     -38.683
      6.350     404.952    -146.645     127.693     -22.651     -42.500     -38.787
      6.360     404.724    -147.069     127.304     -22.979     -42.381     -38.891
      6.370     404.492    -147.493     126.915     -23.307     -42.261     -38.994
      6.380     404.257    -147.915     126.524     -23.636     -42.141     -39.097
      6.390     404.019    -148.335     126.133     -23.965     -42.020     -39.200
      6.400     403.778    -148.755     125.740     -24.294     -41.900     -39.303
      6.410     403.534    -149.173     125.347     -24.623     -41.778     -39.406
      6.420     403.286    -149.591     124.952     -24.952     -41.656     -39.508
      6.430     403.034    -150.007     124.557     -25.282     -41.534     -39.611
      6.440     402.780    -150.421     124.160     -25.611     -41.411     -39.713
      6.450     402.522    -150.835     123.762     -25.941     -41.287     -39.815
      6.460     402.261    -151.247     123.364     -26.271     -41.163     -39.916
      6.470     401.997    -151.658     122.964     -26.602     -41.039     -40.018
      6.480     401.729    -152.068     122.563     -26.932     -40.914     -40.119
      6.490     401.458    -152.476     122.162     -27.263     -40.789     -40.220
      6.500     401.184    -152.884     121.759     -27.594     -40.663     -40.321
      6.510     400.906    -153.290     121.355     -27.925     -40.536     -40.422
      6.520     400.625    -153.694     120.951     -28.257     -40.409     -40.522
      6.530     400.341    -154.098     120.545     -28.589     -40.282     -40.622
      6.540     400.054    -154.500     120.138     -28.920     -40.154     -40.723
      6.550     399.763    -154.901     119.730     -29.253     -40.025     -40.822
      6.560     399.469    -155.300     119.322     -29.585     -39.896     -40.922
      6.570     399.171    -155.699     118.912     -29.918     -39.767     -41.022
      6.580     398.870    -156.096     118.501     -30.251     -39.637     -41.121
      6.590     398.566    -156.491     118.090     -30.584     -39.506     -41.220
      6.600     398.259    -156.886     117.677     -30.917     -39.375     -41.319
      6.610     397.948    -157.279     117.263     -31.251     -39.243     -41.418
      6.620     397.633    -157.671     116.849     -31.585     -39.111     -41.517
      6.630     397.316    -158.061     116.433     -31.919     -38.978     -41.615
      6.640     396.995    -158.450     116.016     -32.253     -38.845     -41.713
      6.650     396.671    -158.838     115.599     -32.588     -38.711     -41.811
      6.660     396.343    -159.224     115.180     -32.923     -38.577     -41.909
      6.670     396.012    -159.610     114.760     -33.258     -38.442     -42.007
      6.680     395.678    -159.993     114.340     -33.594     -38.307     -42.104
      6.690     395.341    -160.376     113.918     -33.930     -38.171     -42.201
      6.700     395.000    -160.757     113.496     -34.266     -38.034     -42.298
      6.710     394.655    -161.136     113.072     -34.602     -37.897     -42.395
      6.720     394.308    -161.515     112.648     -34.939     -37.759     -42.492
      6.730     393.956    -161.892     112.223     -35.276     -37.621     -42.588
      6.740     393.602    -162.267     111.796     -35.614     -37.482     -42.684
      6.750     393.244    -162.641     111.369     -35.951     -37.343     -42.781
      6.760     392.883    -163.014     110.941     -36.289     -37.203     -42.876
      6.770     392.518    -163.385     110.511     -36.628     -37.062     -42.972
      6.780     392.150    -163.755     110.081     -36.966     -36.921     -43.068
      6.790     391.779    -164.124     109.650     -37.305     -36.779     -43.163
      6.800     391.404    -164.491     109.218     -37.645     -36.637     -43.258
      6.810     391.026    -164.856     108.785     -37.984     -36.494     -43.353
      6.820     390.645    -165.221     108.351     -38.324     -36.350     -43.448
      6.830     390.260    -165.583     107.916     -38.664     -36.206     -43.542
      6.840     389.871    -165.945     107.480     -39.005     -36.061     -43.637
      6.850     389.480    -166.305     107.043     -39.346     -35.916     -43.731
      6.860     389.084    -166.663     106.605     -39.687     -35.770     -43.825
      6.870     388.686    -167.020     106.167     -40.029     -35.623     -43.919
      6.880     388.284    -167.376     105.727     -40.371     -35.476     -44.012
      6.890     387.878    -167.730     105.286     -40.714     -35.328     -44.106
      6.900     387.470    -168.082     104.845     -41.056     -35.180     -44.199
      6.910     387.057    -168.433     104.402     -41.400     -35.031     -44.292
      6.920     386.642    -168.783     103.959     -41.743     -34.881     -44.385
      6.930     386.222    -169.131     103.515     -42.087     -34.730     -44.478
      6.940     385.800    -169.477     103.069     -42.431     -34.579     -44.570
      6.950     385.374    -169.822     102.623     -42.776     -34.428     -44.662
      6.960     384.944    -170.166     102.176     -43.121     -34.275     -44.754
      6.970     384.511    -170.508     101.728     -43.467     -34.123     -44.846
      6.980     384.075    -170.848     101.279     -43.813     -33.969     -44.938
      6.990     383.635    -171.187     100.829     -44.159     -33.815     -45.029
      7.000     383.192    -171.525     100.379     -44.506     -33.660     -45.121
      7.010     382.745    -171.860      99.927     -44.853     -33.504     -45.212
      7.020     382.295    -172.195      99.475     -45.200     -33.348     -45.303
      7.030     381.841    -172.527      99.021     -45.548     -33.191     -45.393
      7.040     381.384    -172.858      98.567     -45.897     -33.033     -45.484
      7.050     380.923    -173.188      98.111     -46.245     -32.875     -45.574
      7.060     380.459    -173.516      97.655     -46.595     -32.716     -45.664
      7.070     379.991    -173.842      97.198     -46.944     -32.556     -45.754
      7.080     379.520    -174.167      96.740     -47.295     -32.395     -45.844
      7.090     379.045    -174.490      96.281     -47.645     -32.234     -45.934
      7.100     378.567    -174.812      95.821     -47.996     -32.072     -46.023
      7.110     378.085    -175.132      95.361     -48.348     -31.910     -46.112
      7.120     377.600    -175.450      94.899     -48.700     -31.747     -46.201
      7.130     377.111    -175.767      94.437     -49.052     -31.583     -46.290
      7.140     376.619    -176.082      93.973     -49.405     -31.418     -46.379
      7.150     376.123    -176.395      93.509     -49.759     -31.252     -46.467
      7.160     375.624    -176.707      93.044     -50.112     -31.086     -46.555
      7.170     375.121    -177.017      92.578     -50.467     -30.919     -46.643
      7.180     374.615    -177.325      92.111     -50.822     -30.751     -46.731
      7.190     374.105    -177.632      91.643     -51.177     -30.583     -46.818
      7.200     373.591    -177.937      91.175     -51.533     -30.414     -46.906
      7.210     373.074    -178.240      90.705     -51.889     -30.244     -46.993
      7.220     372.553    -178.542      90.235     -52.246     -30.073     -47.080
      7.230     372.029    -178.841      89.764     -52.604     -29.901     -47.167
      7.240     371.501    -179.140      89.292     -52.962     -29.729     -47.253
      7.250     370.970    -179.436      88.819     -53.320     -29.556     -47.340
      7.260     370.435    -179.731      88.345     -53.679     -29.382     -47.426
      7.270     369.896    -180.024      87.870     -54.038     -29.207     -47.512
      7.280     369.354    -180.315      87.395     -54.398     -29.032     -47.597
      7.290     368.808    -180.604      86.918     -54.759     -28.856     -47.683
      7.300     368.259    -180.892      86.441     -55.120     -28.678     -47.768
      7.310     367.706    -181.178      85.963     -55.482     -28.501     -47.853
      7.320     367.149    -181.462      85.484     -55.844     -28.322     -47.938
      7.330     366.589    -181.744      85.004     -56.207     -28.142     -48.023
      7.340     366.025    -182.025      84.523     -56.570     -27.962     -48.107
      7.350     365.457    -182.303      84.042     -56.934     -27.780     -48.191
      7.360     364.886    -182.580      83.560     -57.299     -27.598     -48.275
      7.370     364.311    -182.855      83.076     -57.664     -27.415     -48.359
      7.380     363.733    -183.129      82.592     -58.030     -27.231     -48.443
      7.390     363.151    -183.400      82.108     -58.396     -27.047     -48.526
      7.400     362.565    -183.670      81.622     -58.763     -26.861     -48.609
      7.410     361.976    -183.937      81.135     -59.131     -26.675     -48.692
      7.420     361.382    -184.203      80.648     -59.499     -26.487     -48.775
      7.430     360.786    -184.467      80.160     -59.868     -26.299     -48.858
      7.440     360.185    -184.729      79.671     -60.237     -26.110     -48.940
      7.450     359.581    -184.989      79.181     -60.607     -25.920     -49.022
      7.460     358.973    -185.247      78.690     -60.978     -25.729     -49.104
      7.470     358.361    -185.504      78.199     -61.349     -25.537     -49.185
      7.480     357.746    -185.758      77.707     -61.721     -25.344     -49.267
      7.490     357.127    -186.011      77.214     -62.094     -25.150     -49.348
      7.500     356.504    -186.261      76.720     -62.467     -24.956     -49.429
      7.510     355.878    -186.510      76.225     -62.841     -24.760     -49.509
      7.520     355.247    -186.756      75.730     -63.215     -24.563     -49.590
      7.530     354.613    -187.001      75.233     -63.591     -24.366     -49.670
      7.540     353.975    -187.244      74.736     -63.967     -24.167     -49.750
      7.550     353.334    -187.484      74.238     -64.343     -23.967     -49.830
      7.560     352.689    -187.723      73.740     -64.721     -23.767     -49.909
      7.570     352.040    -187.960      73.240     -65.099     -23.565     -49.989
      7.580     351.387    -188.194      72.740     -65.478     -23.363     -50.068
      7.590     350.730    -188.427      72.239     -65.857     -23.159     -50.146
      7.600     350.069    -188.658      71.737     -66.237     -22.955     -50.225
      7.610     349.405    -188.886      71.234     -66.618     -22.749     -50.303
      7.620     348.737    -189.113      70.731     -67.000     -22.542     -50.381
      7.630     348.065    -189.337      70.227     -67.382     -22.335     -50.459
      7.640     347.389    -189.559      69.722     -67.765     -22.126     -50.536
      7.650     346.710    -189.779      69.216     -68.149     -21.916     -50.614
      7.660     346.026    -189.998      68.709     -68.534     -21.705     -50.691
      7.670     345.339    -190.214      68.202     -68.920     -21.493     -50.767
      7.680     344.648    -190.427      67.694     -69.306     -21.280     -50.844
      7.690     343.953    -190.639      67.185     -69.693     -21.066     -50.920
      7.700     343.254    -190.849      66.676     -70.081     -20.851     -50.996
      7.710     342.551    -191.056      66.165     -70.469     -20.634     -51.072
      7.720     341.845    -191.261      65.654     -70.858     -20.417     -51.147
      7.730     341.134    -191.464      65.142     -71.249     -20.198     -51.222
      7.740     340.420    -191.665      64.630     -71.640     -19.978     -51.297
      7.750     339.701    -191.864      64.116     -72.031     -19.758     -51.372
      7.760     338.979    -192.060      63.602     -72.424     -19.535     -51.446
      7.770     338.253    -192.255      63.087     -72.818     -19.312     -51.520
      7.780     337.523    -192.447      62.572     -73.212     -19.088     -51.594
      7.790     336.789    -192.636      62.056     -73.607     -18.862     -51.667
      7.800     336.051    -192.824      61.539     -74.003     -18.635     -51.741
      7.810     335.309    -193.009      61.021     -74.400     -18.407     -51.814
      7.820     334.563    -193.192      60.502     -74.798     -18.178     -51.886
      7.830     333.813    -193.373      59.983     -75.196     -17.947     -51.958
      7.840     333.059    -193.551      59.463     -75.596     -17.715     -52.030
      7.850     332.301    -193.727      58.942     -75.996     -17.482     -52.102
      7.860     331.539    -193.901      58.421     -76.398     -17.248     -52.174
      7.870     330.773    -194.072      57.899     -76.800     -17.012     -52.245
      7.880     330.003    -194.241      57.376     -77.203     -16.775     -52.316
      7.890     329.229    -194.407      56.853     -77.607     -16.537     -52.386
      7.900     328.451    -194.572      56.328     -78.012     -16.297     -52.456
      7.910     327.669    -194.733      55.804     -78.418     -16.057     -52.526
      7.920     326.882    -194.893      55.278     -78.825     -15.814     -52.596
      7.930     326.092    -195.050      54.752     -79.233     -15.571     -52.665
      7.940     325.298    -195.204      54.225     -79.642     -15.326     -52.734
      7.950     324.499    -195.356      53.697     -80.052     -15.079     -52.802
      7.960     323.697    -195.506      53.169     -80.463     -14.832     -52.870
      7.970     322.890    -195.653      52.640     -80.875     -14.583     -52.938
      7.980     322.079    -195.797      52.110     -81.287     -14.332     -53.006
      7.990     321.264    -195.939      51.579     -81.701     -14.080     -53.073
      8.000     320.445    -196.079      51.048     -82.116     -13.827     -53.140
      8.010     319.622    -196.216      50.517     -82.532     -13.572     -53.206
      8.020     318.794    -196.350      49.984     -82.949     -13.315     -53.272
      8.030     317.963    -196.482      49.451     -83.367     -13.058     -53.338
      8.040     317.127    -196.612      48.918     -83.786     -12.798     -53.404
      8.050     316.287    -196.738      48.383     -84.206     -12.537     -53.469
      8.060     315.443    -196.862      47.848     -84.627     -12.275     -53.533
      8.070     314.595    -196.984      47.312     -85.049     -12.011     -53.598
      8.080     313.742    -197.102      46.776     -85.473     -11.745     -53.661
      8.090     312.885    -197.219      46.239     -85.897     -11.478     -53.725
      8.100     312.024    -197.332      45.702     -86.323     -11.210     -53.788
      8.110     311.159    -197.443      45.163     -86.749     -10.939     -53.851
      8.120     310.289    -197.551      44.625     -87.177     -10.667     -53.913
      8.130     309.415    -197.656      44.085     -87.606     -10.394     -53.975
      8.140     308.537    -197.759      43.545     -88.036     -10.119     -54.037
      8.150     307.654    -197.859      43.005     -88.467      -9.842     -54.098
      8.160     306.768    -197.956      42.463     -88.900      -9.563     -54.158
      8.170     305.876    -198.050      41.921     -89.333      -9.283     -54.219
      8.180     304.981    -198.141      41.379     -89.768      -9.001     -54.279
      8.190     304.081    -198.230      40.836     -90.204      -8.717     -54.338
      8.200     303.177    -198.316      40.292     -90.641      -8.432     -54.397
      8.210     302.268    -198.398      39.748     -91.080      -8.144     -54.455
      8.220     301.355    -198.478      39.203     -91.519      -7.855     -54.514
      8.230     300.438    -198.556      38.658     -91.960      -7.565     -54.571
      8.240     299.516    -198.630      38.112     -92.403      -7.272     -54.628
      8.250     298.590    -198.701      37.565     -92.846      -6.977     -54.685
      8.260     297.659    -198.769      37.018     -93.291      -6.681     -54.741
      8.270     296.724    -198.835      36.470     -93.737      -6.382     -54.797
      8.280     295.784    -198.897      35.922     -94.184      -6.082     -54.852
      8.290     294.840    -198.956      35.373     -94.633      -5.780     -54.907
      8.300     293.892    -199.012      34.824     -95.082      -5.476     -54.961
      8.310     292.939    -199.066      34.274     -95.534      -5.170     -55.015
      8.320     291.981    -199.116      33.724     -95.986      -4.862     -55.068
      8.330     291.019    -199.163      33.173     -96.440      -4.552     -55.121
      8.340     290.052    -199.207      32.621     -96.896      -4.239     -55.173
      8.350     289.081    -199.248      32.069     -97.352      -3.925     -55.224
      8.360     288.105    -199.285      31.517     -97.810      -3.609     -55.276
      8.370     287.125    -199.320      30.964     -98.270      -3.290     -55.326
      8.380     286.140    -199.351      30.410     -98.731      -2.970     -55.376
      8.390     285.150    -199.379      29.856     -99.193      -2.647     -55.425
      8.400     284.156    -199.404      29.302     -99.657      -2.322     -55.474
      8.410     283.157    -199.426      28.747    -100.122      -1.995     -55.523
      8.420     282.153    -199.444      28.191    -100.589      -1.666     -55.570
      8.430     281.145    -199.459      27.635    -101.057      -1.334     -55.617
      8.440     280.132    -199.471      27.079    -101.527      -1.000     -55.664
      8.450     279.115    -199.479      26.522    -101.998      -0.664     -55.710
      8.460     278.092    -199.484      25.965    -102.471      -0.326     -55.755
      8.470     277.065    -199.485      25.407    -102.945       0.015     -55.799
      8.480     276.033    -199.484      24.849    -103.421       0.358     -55.843
      8.490     274.997    -199.478      24.290    -103.898       0.704     -55.886
      8.500     273.955    -199.470      23.731    -104.377       1.052     -55.929
      8.510     272.909    -199.457      23.171    -104.858       1.403     -55.971
      8.520     271.858    -199.441      22.611    -105.340       1.756     -56.012
      8.530     270.802    -199.422      22.051    -105.824       2.111     -56.053
      8.540     269.742    -199.399      21.490    -106.309       2.469     -56.092
      8.550     268.676    -199.373      20.929    -106.796       2.830     -56.132
      8.560     267.606    -199.343      20.368    -107.285       3.193     -56.170
      8.570     266.530    -199.309      19.806    -107.775       3.559     -56.207
      8.580     265.450    -199.271      19.244    -108.267       3.928     -56.244
      8.590     264.365    -199.230      18.681    -108.761       4.299     -56.280
      8.600     263.275    -199.185      18.118    -109.257       4.674     -56.316
      8.610     262.180    -199.137      17.555    -109.754       5.051     -56.350
      8.620     261.080    -199.084      16.991    -110.253       5.430     -56.384
      8.630     259.975    -199.028      16.427    -110.754       5.813     -56.417
      8.640     258.865    -198.968      15.863    -111.256       6.198     -56.449
      8.650     257.750    -198.904      15.298    -111.761       6.587     -56.480
      8.660     256.630    -198.836      14.733    -112.267       6.978     -56.510
      8.670     255.504    -198.765      14.168    -112.775       7.373     -56.540
      8.680     254.374    -198.689      13.602    -113.285       7.770     -56.568
      8.690     253.239    -198.609      13.037    -113.796       8.171     -56.596
      8.700     252.098    -198.525      12.470    -114.310       8.574     -56.623
      8.710     250.953    -198.438      11.904    -114.825       8.981     -56.649
      8.720     249.802    -198.346      11.337    -115.343       9.391     -56.673
      8.730     248.646    -198.250      10.771    -115.862       9.804     -56.697
      8.740     247.484    -198.150      10.204    -116.384      10.221     -56.720
      8.750     246.318    -198.045       9.636    -116.907      10.640     -56.742
      8.760     245.146    -197.937       9.069    -117.432      11.064     -56.763
      8.770     243.969    -197.824       8.501    -117.959      11.490     -56.783
      8.780     242.787    -197.707       7.933    -118.489      11.920     -56.801
      8.790     241.600    -197.586       7.365    -119.020      12.354     -56.819
      8.800     240.407    -197.460       6.797    -119.553      12.791     -56.836
      8.810     239.208    -197.330       6.228    -120.089      13.232     -56.851
      8.820     238.005    -197.195       5.660    -120.626      13.676     -56.865
      8.830     236.796    -197.056       5.091    -121.166      14.124     -56.878
      8.840     235.582    -196.913       4.522    -121.708      14.576     -56.890
      8.850     234.362    -196.765       3.953    -122.251      15.032     -56.901
      8.860     233.137    -196.612       3.384    -122.798      15.491     -56.911
      8.870     231.906    -196.455       2.815    -123.346      15.955     -56.919
      8.880     230.670    -196.293       2.246    -123.896      16.422     -56.926
      8.890     229.428    -196.126       1.676    -124.449      16.893     -56.931
      8.900     228.181    -195.955       1.107    -125.004      17.369     -56.935
      8.910     226.928    -195.779       0.538    -125.561      17.849     -56.938
      8.920     225.669    -195.598      -0.032    -126.121      18.332     -56.939
      8.930     224.405    -195.412      -0.601    -126.682      18.820     -56.938
      8.940     223.136    -195.222      -1.170    -127.246      19.313     -56.935
      8.950     221.860    -195.026      -1.740    -127.813      19.810     -56.930
      8.960     220.579    -194.826      -2.309    -128.382      20.311     -56.924
      8.970     219.293    -194.620      -2.878    -128.953      20.816     -56.916
      8.980     218.000    -194.409      -3.447    -129.526      21.327     -56.907
      8.990     216.702    -194.193      -4.016    -130.102      21.842     -56.896
      9.000     215.398    -193.972      -4.585    -130.681      22.361     -56.884
      9.010     214.089    -193.746      -5.154    -131.262      22.886     -56.869
      9.020     212.773    -193.515      -5.723    -131.845      23.415     -56.853
      9.030     211.452    -193.278      -6.291    -132.431      23.949     -56.836
      9.040     210.124    -193.036      -6.859    -133.019      24.488     -56.816
      9.050     208.791    -192.788      -7.427    -133.610      25.032     -56.795
      9.060     207.452    -192.535      -7.995    -134.204      25.582     -56.772
      9.070     206.107    -192.276      -8.563    -134.800      26.136     -56.747
      9.080     204.756    -192.012      -9.130    -135.398      26.696     -56.720
      9.090     203.399    -191.742      -9.697    -136.000      27.262     -56.691
      9.100     202.036    -191.467     -10.264    -136.603      27.832     -56.660
      9.110     200.667    -191.186     -10.830    -137.210      28.409     -56.627
      9.120     199.292    -190.899     -11.396    -137.819      28.991     -56.592
      9.130     197.911    -190.606     -11.962    -138.431      29.578     -56.554
      9.140     196.523    -190.307     -12.528    -139.046      30.172     -56.515
      9.150     195.130    -190.002     -13.093    -139.663      30.772     -56.473
      9.160     193.730    -189.692     -13.657    -140.283      31.377     -56.429
      9.170     192.324    -189.375     -14.221    -140.906      31.989     -56.383
      9.180     190.912    -189.052     -14.785    -141.532      32.607     -56.334
      9.190     189.493    -188.723     -15.348    -142.161      33.231     -56.283
      9.200     188.069    -188.387     -15.910    -142.792      33.862     -56.229
      9.210     186.638    -188.045     -16.472    -143.427      34.499     -56.173
      9.220     185.200    -187.697     -17.034    -144.064      35.143     -56.114
      9.230     183.756    -187.342     -17.595    -144.704      35.794     -56.053
      9.240     182.306    -186.981     -18.155    -145.347      36.451     -55.988
      9.250     180.849    -186.613     -18.714    -145.993      37.116     -55.921
      9.260     179.386    -186.239     -19.273    -146.642      37.787     -55.851
      9.270     177.916    -185.858     -19.831    -147.294      38.466     -55.778
      9.280     176.440    -185.470     -20.389    -147.949      39.153     -55.703
      9.290     174.958    -185.075     -20.945    -148.607      39.846     -55.624
      9.300     173.468    -184.673     -21.501    -149.268      40.548     -55.541
      9.310     171.972    -184.264     -22.056    -149.932      41.257     -55.456
      9.320     170.469    -183.847     -22.610    -150.599      41.974     -55.367
      9.330     168.960    -183.424     -23.164    -151.269      42.699     -55.275
      9.340     167.444    -182.993     -23.716    -151.942      43.432     -55.180
      9.350     165.921    -182.555     -24.267    -152.618      44.174     -55.081
      9.360     164.392    -182.110     -24.817    -153.298      44.924     -54.978
      9.370     162.855    -181.657     -25.367    -153.981      45.683     -54.871
      9.380     161.312    -181.196     -25.915    -154.666      46.451     -54.761
      9.390     159.762    -180.728     -26.462    -155.355      47.227     -54.647
      9.400     158.205    -180.252     -27.008    -156.047      48.013     -54.529
      9.410     156.641    -179.767     -27.552    -156.743      48.808     -54.406
      9.420     155.070    -179.275     -28.096    -157.441      49.612     -54.280
      9.430     153.492    -178.775     -28.638    -158.143      50.426     -54.149
      9.440     151.907    -178.267     -29.179    -158.847      51.250     -54.013
      9.450     150.315    -177.750     -29.718    -159.555      52.084     -53.873
      9.460     148.716    -177.225     -30.256    -160.266      52.928     -53.728
      9.470     147.110    -176.691     -30.793    -160.981      53.783     -53.579
      9.480     145.496    -176.149     -31.328    -161.698      54.648     -53.424
      9.490     143.876    -175.598     -31.861    -162.419      55.524     -53.265
      9.500     142.248    -175.039     -32.393    -163.143      56.412     -53.100
      9.510     140.613    -174.470     -32.923    -163.870      57.310     -52.930
      9.520     138.971    -173.893     -33.452    -164.600      58.220     -52.754
      9.530     137.321    -173.306     -33.978    -165.334      59.141     -52.573
      9.540     135.664    -172.710     -34.503    -166.070      60.075     -52.386
      9.550     134.000    -172.104     -35.026    -166.810      61.021     -52.192
      9.560     132.328    -171.489     -35.547    -167.552      61.979     -51.993
      9.570     130.649    -170.865     -36.066    -168.298      62.950     -51.788
      9.580     128.962    -170.230     -36.583    -169.047      63.933     -51.575
      9.590     127.268    -169.586     -37.097    -169.799      64.930     -51.357
      9.600     125.566    -168.931     -37.610    -170.553      65.941     -51.131
      9.610     123.856    -168.267     -38.120    -171.311      66.965     -50.898
      9.620     122.140    -167.592     -38.628    -172.071      68.003     -50.658
      9.630     120.415    -166.907     -39.133    -172.835      69.056     -50.410
      9.640     118.683    -166.211     -39.636    -173.601      70.123     -50.155
      9.650     116.943    -165.504     -40.136    -174.370      71.206     -49.892
      9.660     115.195    -164.787     -40.634    -175.141      72.303     -49.620
      9.670     113.440    -164.058     -41.128    -175.915      73.417     -49.341
      9.680     111.677    -163.318     -41.620    -176.692      74.546     -49.052
      9.690     109.906    -162.567     -42.109    -177.470      75.691     -48.754
      9.700     108.128    -161.804     -42.595    -178.252      76.853     -48.448
      9.710     106.341    -161.030     -43.078    -179.035      78.032     -48.131
      9.720     104.547    -160.244     -43.558    -179.820      79.229     -47.805
      9.730     102.745    -159.445     -44.034    -180.608      80.443     -47.469
      9.740     100.935    -158.635     -44.507    -181.397      81.676     -47.122
      9.750      99.117    -157.812     -44.977    -182.188      82.927     -46.765
      9.760      97.291    -156.976     -45.443    -182.980      84.197     -46.396
      9.770      95.457    -156.128     -45.905    -183.774      85.486     -46.016
      9.780      93.616    -155.266     -46.363    -184.569      86.795     -45.624
      9.790      91.766    -154.392     -46.817    -185.365      88.124     -45.220
      9.800      89.908    -153.504     -47.267    -186.161      89.475     -44.803
      9.810      88.043    -152.602     -47.713    -186.958      90.846     -44.374
      9.820      86.169    -151.687     -48.155    -187.756      92.239     -43.930
      9.830      84.288    -150.757     -48.592    -188.553      93.654     -43.473
      9.840      82.398    -149.813     -49.024    -189.351      95.092     -43.002
      9.850      80.501    -148.855     -49.452    -190.148      96.553     -42.515
      9.860      78.595    -147.882     -49.874    -190.943      98.037     -42.013
      9.870      76.682    -146.894     -50.292    -191.738      99.546     -41.496
      9.880      74.760    -145.891     -50.704    -192.531     101.079     -40.962
      9.890      72.831    -144.873     -51.111    -193.323     102.638     -40.411
      9.900      70.894    -143.838     -51.512    -194.111     104.223     -39.842
      9.910      68.949    -142.788     -51.908    -194.897     105.834     -39.255
      9.920      66.996    -141.722     -52.297    -195.680     107.472     -38.649
      9.930      65.035    -140.638     -52.680    -196.459     109.137     -38.024
      9.940      63.067    -139.539     -53.058    -197.233     110.831     -37.379
      9.950      61.091    -138.422     -53.428    -198.003     112.554     -36.713
      9.960      59.107    -137.287     -53.792    -198.767     114.306     -36.025
      9.970      57.115    -136.135     -54.148    -199.524     116.088     -35.315
      9.980      55.116    -134.965     -54.498    -200.275     117.901     -34.582
      9.990      53.110    -133.777     -54.840    -201.017     119.745     -33.824
     10.000      51.096    -132.570     -55.174    -201.751     121.621     -33.042
     10.010      49.075    -131.345     -55.501    -202.476     123.530     -32.234
