#         t          x          y          z         vx         vy         vz
      0.000    -98.600   -119.990   -127.780    -28.430    173.920     93.230
      0.100   -101.062   -102.158   -117.976    -20.810    182.713    102.841
      0.200   -102.662    -83.431   -107.147    -11.180    191.841    113.749
      0.300   -103.162    -63.785    -95.150      1.161    201.079    126.195
      0.400   -102.245    -43.234    -81.820     17.198    209.928    140.401
      0.500    -99.472    -21.871    -66.978     38.260    217.343    156.439
      0.600    -94.264      0.059    -50.463     65.903    221.261    173.868
      0.700    -85.913     22.024    -32.222    101.100    218.039    190.954
      0.800    -73.763     43.071    -12.490    141.903    202.899    203.672
      0.900    -57.634     61.911      8.025    180.685    173.893    206.635
      1.000    -38.221     77.472     28.240    207.576    137.328    197.670
      1.100    -16.826     89.456     47.234    220.315    102.344    182.213
      1.200      5.335     98.246     64.608    222.918     73.464    165.262
      1.300     27.475    104.468     80.340    219.879     50.974    149.377
      1.400     49.175    108.700     94.576    214.115     33.679    135.343
      1.500     70.241    111.399    107.502    207.208     20.290    123.179
      1.600     90.600    112.902    119.294    199.964      9.780    112.664
      1.700    110.237    113.462    130.104    192.779      1.403    103.532
      1.800    129.168    113.263    140.058    185.837     -5.373     95.544
      1.900    147.420    112.448    149.260    179.217    -10.930     88.501
      2.000    165.028    111.124    157.797    172.943    -15.541     82.242
      2.100    182.026    109.377    165.741    167.013    -19.407     76.636
      2.200    198.447    107.273    173.152    161.410    -22.680     71.582
      2.300    214.323    104.865    180.081    156.113    -25.472     66.995
      2.400    229.684    102.198    186.571    151.100    -27.870     62.808
      2.500    244.556     99.307    192.660    146.346    -29.942     58.966
      2.600    258.965     96.223    198.379    141.831    -31.741     55.423
      2.700    272.933     92.971    203.758    137.533    -33.311     52.141
      2.800    286.482     89.571    208.819    133.435    -34.685     49.090
      2.900    299.629     86.042    213.586    129.520    -35.892     46.242
      3.000    312.394     82.400    218.077    125.773    -36.954     43.575
      3.100    324.792     78.657    222.309    122.180    -37.890     41.070
      3.200    336.837     74.827    226.298    118.730    -38.717     38.710
      3.300    348.544     70.919    230.058    115.410    -39.447     36.481
      3.400    359.925     66.942    233.600    112.211    -40.092     34.370
      3.500    370.992     62.904    236.937    109.125    -40.662     32.366
      3.600    381.755     58.813    240.078    106.143    -41.164     30.461
      3.700    392.225     54.674    243.033    103.257    -41.607     28.645
      3.800    402.411     50.494    245.811    100.461    -41.995     26.911
      3.900    412.322     46.278    248.419     97.749    -42.334     25.252
      4.000    421.965     42.029    250.865     95.115    -42.629     23.664
      4.100    431.349     37.754    253.155     92.555    -42.884     22.139
      4.200    440.480     33.454    255.296     90.063    -43.103     20.674
      4.300    449.364     29.135    257.293     87.636    -43.288     19.265
      4.400    458.010     24.798    259.152     85.269    -43.443     17.907
      4.500    466.421     20.448    260.877     82.959    -43.570     16.597
      4.600    474.604     16.086    262.473     80.702    -43.670     15.332
      4.700    482.564     11.715    263.945     78.495    -43.747     14.109
      4.800    490.306      7.337    265.297     76.336    -43.802     12.925
      4.900    497.833      2.955    266.532     74.222    -43.836     11.778
      5.000    505.152     -1.429    267.654     72.151    -43.851     10.665
      5.100    512.266     -5.814    268.667     70.119    -43.848      9.586
      5.200    519.178    -10.198    269.573     68.125    -43.829      8.537
      5.300    525.892    -14.579    270.376     66.167    -43.794      7.517
      5.400    532.413    -18.956    271.078     64.243    -43.744      6.524
      5.500    538.743    -23.327    271.682     62.352    -43.680      5.558
      5.600    544.885    -27.691    272.190     60.491    -43.603      4.616
      5.700    550.842    -32.047    272.606     58.658    -43.513      3.697
      5.800    556.618    -36.393    272.931     56.854    -43.412      2.800
      5.900    562.214    -40.729    273.167     55.076    -43.300      1.925
      6.000    567.634    -45.053    273.317     53.322    -43.177      1.069
      6.100    572.880    -49.364    273.382     51.592    -43.044      0.233
      6.200    577.954    -53.661    273.364     49.885    -42.901     -0.586
      6.300    582.858    -57.943    273.266     48.199    -42.749     -1.387
      6.400    587.595    -62.210    273.088     46.533    -42.588     -2.172
      6.500    592.165    -66.461    272.832     44.886    -42.418     -2.941
      6.600    596.573    -70.693    272.500     43.258    -42.240     -3.695
      6.700    600.818    -74.908    272.094     41.647    -42.054     -4.435
      6.800    604.903    -79.104    271.614     40.053    -41.860     -5.161
      6.900    608.829    -83.280    271.062     38.474    -41.659     -5.874
      7.000    612.599    -87.435    270.440     36.910    -41.450     -6.574
      7.100    616.212    -91.569    269.748     35.361    -41.234     -7.263
      7.200    619.671    -95.682    268.988     33.824    -41.011     -7.939
      7.300    622.978    -99.771    268.161     32.301    -40.781     -8.605
      7.400    626.132   -103.838    267.267     30.789    -40.545     -9.260
      7.500    629.136   -107.880    266.309     29.289    -40.301     -9.905
      7.600    631.990   -111.898    265.287     27.799    -40.052    -10.540
      7.700    634.696   -115.890    264.202     26.319    -39.796    -11.166
      7.800    637.255   -119.856    263.054     24.849    -39.533    -11.782
      7.900    639.667   -123.796    261.846     23.388    -39.264    -12.390
      8.000    641.933   -127.709    260.577     21.935    -38.989    -12.989
      8.100    644.054   -131.594    259.248     20.489    -38.708    -13.581
      8.200    646.031   -135.450    257.861     19.051    -38.421    -14.165
      8.300    647.864   -139.278    256.416     17.620    -38.127    -14.741
      8.400    649.555   -143.075    254.913     16.195    -37.827    -15.310
      8.500    651.104   -146.843    253.354     14.775    -37.521    -15.872
      8.600    652.510   -150.579    251.739     13.361    -37.209    -16.427
      8.700    653.776   -154.284    250.069     11.951    -36.890    -16.976
      8.800    654.901   -157.957    248.344     10.546    -36.566    -17.518
      8.900    655.886   -161.597    246.566      9.145    -36.234    -18.055
      9.000    656.730   -165.204    244.734      7.747    -35.897    -18.586
      9.100    657.435   -168.776    242.849      6.351    -35.553    -19.111
      9.200    658.000   -172.314    240.912      4.959    -35.203    -19.630
      9.300    658.427   -175.816    238.923      3.568    -34.846    -20.145
      9.400    658.714   -179.283    236.883      2.179    -34.482    -20.654
      9.500    658.863   -182.712    234.792      0.791    -34.112    -21.159
      9.600    658.872   -186.105    232.651     -0.596    -33.734    -21.658
      9.700    658.743   -189.459    230.461     -1.983    -33.350    -22.153
      9.800    658.476   -192.774    228.221     -3.370    -32.958    -22.644
      9.900    658.069   -196.050    225.932     -4.758    -32.559    -23.130
     10.000    657.524   -199.286    223.595     -6.146    -32.153    -23.612
     10.100    656.840   -202.480    221.210     -7.536    -31.739    -24.090
